	Security	Symbol	ebitdaMargins	profitMargins	grossMargins	revenueGrowth	operatingMargins	earningsGrowth	returnOnAssets	debtToEquity	returnOnEquity	enterpriseToEbitda	priceToBook	priceToSalesTrailing12Months	forwardPE	trailingPE
0	3M	MMM	0.28613	0.16764	0.48024	0.071	0.23218	0.0	0.10945	130.812	0.44799998	11.447	7.0824533	2.8990455	17.104908	17.576897
1	Abbott Laboratories	ABT	0.29229	0.17122	0.5685	0.234	0.20906	0.696	0.0774	53.112	0.21862	20.95	7.199733	5.857659	29.443275	34.776672
2	AbbVie	ABBV	0.52303004	0.13656001	0.70193	0.112	0.36702	0.38	0.0848	594.66	0.52255	10.608	17.558983	4.3128977	9.634188	32.07569
3	Abiomed	ABMD	0.29598	0.15319	0.81897	0.183	0.26919	-0.088	0.114630006	0.567	0.116210006	54.203	11.782005	16.75487	71.566864	110.08597
4	Accenture	ACN	0.16804	0.11533	0.32348	0.272	0.15195	0.197	0.124560006	16.607	0.31948	28.889	12.924301	4.898481	39.97719	43.291637
5	Activision Blizzard	ATVI	0.37638	0.29209	0.72647005	0.059	0.36168998	0.051	0.08984	21.28	0.16877002	13.086	3.076499	5.761645	17.621052	19.86354
6	Adobe	ADBE	0.41681	0.30548	0.88185	0.2	0.36756	-0.445	0.14076	31.581	0.34368	41.021	18.347166	17.191498	35.097847	56.92016
7	Advanced Micro Devices	AMD	0.23047	0.26724002	0.46822	0.54	0.20496	1.331	0.20934	9.837	0.72143996	53.608	25.95873	12.427764	45.76198	47.14528
8	Advance Auto Parts	AAP	0.10935	0.05895	0.45089	0.031	0.08638	0.258	0.04967	114.014	0.18577999	14.811	4.613844	1.3553803	18.237568	24.275894
9	AES Corp	AES	0.34379002	0.049489997	0.2631	0.193	0.24681999		0.04867	347.172	0.15681	10.001	6.492619	1.4485826	14.39394	30.605669
10	Aflac	AFL	0.24753	0.18766001	0.40601003	-0.076	0.24572	-0.616	0.02157	32.579	0.12836	7.439	1.1594231	1.7192172	11.136622	9.516783
11	Agilent Technologies	A	0.27362	0.19148001	0.53917	0.119	0.22282	1.035	0.08656	54.017	0.23582001	28.576	8.972633	7.646805	34.11514	40.609135
12	Air Products & Chemicals	APD	0.35606998	0.20334	0.30387	0.225	0.22806999	0.254	0.05657	58.574	0.15413	19.127	4.9991827	6.5654798	26.019575	32.400383
13	Akamai Technologies	AKAM	0.33330002	0.17767	0.63335	0.085	0.22331	0.137	0.060760003	62.094	0.13912	17.791	4.2391806	5.711858	20.13468	32.848118
14	Alaska Air Group	ALK	-0.07375	0.0025600002	0.061950002	1.786	-0.15123		-0.033570003	116.567	0.0037200002	-20.133	1.8499591	1.2846533	11.740991	501.25
15	Albemarle Corporation	ALB	0.24434	0.06403	0.31033	0.112	0.16961999		0.033350002	37.191	0.05707	35.864	4.748348	8.161383	38.716938	123.86929
16	Alexandria Real Estate Equities	ARE	0.62691003	0.45347	0.72316	0.162	0.29381	0.434	0.01575	56.934	0.07214	33.208	2.4337902	15.855103	62.91594	37.82851
17	Align Technology	ALGN	0.28557	0.19703	0.74581003	0.384	0.2579	0.295	0.120299995	2.745	0.22596	46.956	15.397244	13.911674	51.908806	114.57227
18	Allegion	ALLE	0.23455	0.16063	0.43095002	-0.016	0.21057	0.006	0.12361	175.496	0.54759	18.722	15.740006	3.966302	22.35413	27.826515
19	Alliant Energy	LNT	0.39942002	0.18090001	0.43675998	0.071	0.21245001	0.062	0.02606	121.465	0.10623	15.678	2.5876281	4.318539	21.770073	24.327082
20	Allstate Corp	ALL	0.22378	0.08104	0.31941	0.216	0.20486	0.36	0.050040003	28.363	0.2709	4.005	1.3863904	0.65479267	11.048918	10.844875
21	Alphabet (Class A)	GOOGL	0.35616	0.29521	0.56511	0.41	0.303	0.707	0.14011	11.493	0.30872	21.555	8.628038	8.367029	31.098959	39.408314
22	Alphabet (Class C)	GOOG	0.35616	0.29521	0.56511	0.41	0.303	0.707	0.14011	11.493	0.30872	21.591	8.64893	8.146965	31.134966	39.50373
23	Altria Group	MO	0.5759	0.13164	0.65674	-0.026	0.56380004		0.17232001		2.7119799	9.031	29.777496	4.131386	9.717842	20.09438
24	Amazon	AMZN	0.13382	0.06641	0.40679002	0.272	0.06685	0.468	0.05988	107.355	0.31229	28.909	16.71361	3.8979657	47.409576	65.185684
25	Amcor	AMCR	0.15602	0.07153	0.20692	0.104	0.110819995	0.04	0.0545	149.692	0.20193	11.773	3.498949	1.3629825	17.139706	37.236423
26	Ameren Corp	AEE	0.44237	0.16077	0.50758	0.055	0.25074	-0.184	0.02812	136.374	0.103970006	13.54	2.4312925	3.8789692	21.547031	22.799896
27	American Airlines Group	AAL	-0.19422	-0.13229	-0.04542	1.827	-0.28338		-0.0661			-9.068		0.47979942	-261.64285	
28	American Electric Power	AEP	0.37291	0.14593	0.45705003	0.137	0.20907	0.053	0.025880001	168.289	0.11048	13.211	2.0586066	2.6447496	17.365463	18.923414
29	American Express	AXP	0.0	0.18895	0.7108	0.375	0.23612	0.745	0.04188	150.569	0.33606		5.403488	3.2101681	18.07912	26.966072
30	American International Group	AIG	0.21952999	0.09495	0.31248	0.127	0.1309		0.00621	53.397	0.06719	7.209	0.7806411	1.0934093	11.077451	
31	American Tower	AMT	0.63285	0.27445	0.72116	0.219	0.39266	0.519	0.04348	434.983	0.34478	29.727	31.737488	13.946588	50.750916	64.29234
32	American Water Works	AWK	0.49883997	0.19259001	0.56338	0.073	0.3389	0.173	0.03365	165.785	0.114980005	22.722	5.021226	8.6805315	39.51193	46.020718
33	Ameriprise Financial	AMP	0.28120002	0.17374	0.52494	-0.036	0.26939		0.01316	61.451	0.37982	7.279	6.3820724	2.7264245	13.419326	
34	AmerisourceBergen	ABC	0.015470001	-0.01832	0.0304	0.177	0.01334	-0.007	0.03522	2054.661	-1.7075	10.237		0.13092034	12.201514	
35	Ametek	AME	0.29569	0.17787	0.35854	0.37	0.24351	0.389	0.06798	46.696	0.14819	23.748	5.366709	6.665662	27.837572	40.74764
36	Amgen	AMGN	0.47642	0.21767999	0.75421995	0.044	0.34998	-0.035	0.08696	457.332	0.585	12.277	13.77966	4.985287	12.53926	18.518595
37	Amphenol	APH	0.23082	0.14164	0.31070998	0.277	0.19650999	0.325	0.0888	83.972	0.26123	20.408	9.313908	5.5856833	33.66996	40.856113
38	Analog Devices	ADI	0.45013002	0.26153	0.68044	0.208	0.32747	0.392	0.06158	43.466	0.14152999	23.206	5.2576623	9.834139	24.92026	41.39499
39	Ansys	ANSS	0.3439	0.24915001	0.89314	0.202	0.28865	0.115	0.06251	20.28	0.117819995	51.917	8.526564	18.704689	51.190838	76.53795
40	Anthem	ANTM	0.06538	0.041220002	0.25909	0.15	0.05925	6.046	0.05371	66.276	0.15835	11.026	3.2944791	0.83269304	16.078037	24.360922
41	Aon	AON	0.19108999	0.075840004	0.43741	0.133	0.16344		0.03906	412.571	0.32708	32.502	15.526469	5.4629445	23.35543	32.058983
42	A. O. Smith	AOS	0.19530001	0.1384	0.37727	0.203	0.17241	0.262	0.11609	7.883	0.25661	19.365	7.170008	3.9245906	27.724833	34.410664
43	APA Corporation	APA	0.53337	0.085889995	0.62298	0.859	-0.30856		-0.10306	1238.843	2.36412	4.806		1.4182764	12.870098	1250.238
44	Apple	AAPL	0.32867	0.25882	0.41779	0.288	0.29782	0.662	0.20179	216.392	1.47443	24.669	42.472263	8.032758	32.914017	39.57968
45	Applied Materials	AMAT	0.3206	0.24538	0.46749002	0.41	0.30276	1.055	0.17930001	47.421	0.49073002	18.277	11.789742	6.537702	20.99118	32.216785
46	Aptiv	APTV	0.14908	0.06722	0.18256001	0.942	0.099429995		0.05906	52.094	0.13878	18.552	5.570965	2.8077538	32.55289	24.47329
47	ADM	ADM	0.04849	0.030869998	0.07214	0.408	0.03542	0.507	0.03481	49.783	0.113170005	12.358	1.75576	0.4881363	14.710113	17.78321
48	Arista Networks	ANET	0.32639	0.28301	0.63947	0.237	0.30818	0.325	0.108559996	1.594	0.22579001	37.553	3.1812458	3.9641323	12.574673	16.873316
49	Arthur J. Gallagher & Co.	AJG	0.24606001	0.11999	0.36515	0.224	0.17816	0.165	0.03367	76.503	0.13485	20.351	4.8384843	4.385518	31.911707	38.185574
50	Assurant	AIZ	0.10459	0.04632	0.107930005	0.081	0.088640004	0.18	0.0126	43.167	0.07779	8.661	1.5866451	0.8988413	12.494668	21.224916
51	AT&T	T	0.30548	0.0066500003	0.52233005	-0.057	0.18632	1.114	0.03724	115.572	0.01368	7.229	1.0723531	1.0222797	7.9663463	
52	Atmos Energy	ATO	0.41313	0.20583999	0.5092	0.228	0.27281	-0.186	0.03306	94.323	0.09584	13.463	1.7121663	4.0407925	18.90775	18.508217
53	Autodesk	ADSK	0.18711	0.31305	0.91737	0.182	0.16372	0.034	0.05957	238.261	1.9555299	78.347	54.99707	14.727399	41.059677	48.334473
54	Automatic Data Processing	ADP	0.25765	0.17317	0.45104	0.107	0.22361	0.326	0.04769	60.782	0.45499	22.786	18.145506	6.853479	36.95413	41.994785
55	AutoZone	AZO	0.23405	0.15076	0.5261	0.163	0.20647	0.38	0.13464			37.366		2.8711317	22.085468	22.16381
56	AvalonBay Communities	AVB	0.59151	0.48227	0.62202	-0.027	0.2698	1.643	0.01951	69.042	0.09906	29.626	3.2073107	15.31921	76.482864	42.906326
57	Avery Dennison	AVY	0.15696	0.09115	0.2798	0.198	0.13286	0.095	0.09968001	178.852	0.47794998	16.359	10.956632	2.1083307	22.831509	27.790651
58	Baker Hughes	BKR	0.14182	0.00682	0.19983	0.009	0.086289994		0.03026	39.704	0.01663	9.045		1.2339429		
59	Ball Corp	BLL	0.15979	0.06808	0.20721	0.235	0.10744	1.179	0.048	219.562	0.26611	18.589	8.455323	2.311579	22.274752	39.31411
60	Bank of America	BAC	0.0	0.3337	0.0	0.234	0.3539	0.672	0.01045		0.112449996		1.5293977	4.1768904	14.294213	19.079401
61	Bath & Body Works	BBWI	0.21212	0.123100005	0.48721	-0.45	0.17246	-0.722				9.688				
62	Baxter International	BAX	0.22768	0.09182	0.40148997	0.14	0.15709	0.229	0.06118	77.75	0.13549	15.623	5.100512	3.5356717	21.333334	41.429955
63	Becton Dickinson	BDX	0.29648	0.09826	0.48494998	0.268	0.1842	0.773	0.0423	73.474	0.081190005	15.208	2.9092422	3.6296341	18.94203	44.24982
64	Berkshire Hathaway	BRK-B	0.45458	0.32002997	0.41395	0.12	0.41395	-0.638	0.07941	23.898	0.19336	-0.206	0.0010029282	2.5071044	24.472984	0.0044512544
65	Best Buy	BBY	0.0805	0.05052	0.22645001	0.005	0.064169995	0.351	0.101619996	93.151	0.63223	5.592	5.8669076	0.46626562	11.488208	11.420868
66	Bio-Rad Laboratories	BIO	0.25469	2.23474	0.57827	0.154	0.20895	1.978	0.02434	1.469	0.55127	27.859	2.0901167	7.487493	59.26969	5.483249
67	Bio-Techne	TECH	0.31937	0.15081	0.68141	0.473	0.26433	-0.751	0.0717	27.299	0.094560005	71.515	12.549911	20.771046	66.21038	108.2604
68	Biogen	BIIB	0.32453	0.16397	0.83949995	-0.246	0.24025999	-0.688	0.07029	68.063	0.22143999	14.745	3.291438	3.0048065	11.245905	12.102275
69	BlackRock	BLK	0.41139	0.30972	0.50816	0.156	0.38963002	0.228	0.02727	21.949	0.16974	18.04	3.9380388	7.4270372	21.277617	26.452122
70	BNY Mellon	BK	0.0	0.22847	0.0	0.063	0.28669	0.061	0.0081400005		0.08181		1.25853	3.1871834	12.824503	15.496132
71	Boeing	BA	-0.02116	-0.13502	0.05021	0.081	-0.056009997		-0.01427			-122.361		1.9000714	39.08621	
72	Booking Holdings	BKNG	0.22017999	0.04145	0.74974996	0.771	0.17276	-0.046	0.04375	208.007	0.07305	48.306	20.728128	10.716585	25.971928	140.66547
73	BorgWarner	BWA	0.16209	0.05489	0.20166	1.635	0.113170005		0.07399	65.181	0.14968	6.033	1.6407368	0.73427844	8.693612	22.22194
74	Boston Properties	BXP	0.57295	0.11491	0.62476003	0.08	0.32588002	-0.585	0.02483	160.767	0.049569998	20.744	3.0724747	6.461209	37.649006	38.845234
75	Boston Scientific	BSX	0.25947002	0.05198	0.69927	0.536	0.16104001		0.03636	59.39	0.03688	24.145	3.8766382	5.4439025	23.3125	304.21985
76	Bristol Myers Squibb	BMY	0.42439	-0.114429995	0.79576	0.155	0.18547001		0.043080002	125.544	-0.1176	8.95	3.6996796	3.1673174	7.78875	
77	Broadcom	AVGO	0.52531	0.22900999	0.73614	0.164	0.28842	1.881	0.06159	166.032	0.25320998	17.176	11.452764	10.348667	22.312445	62.15299
78	Broadridge Financial Solutions	BR	0.20969999	0.10619	0.28465	0.172	0.13606	0.018	0.0688	254.65	0.34655997	23.107	13.152483	4.051785	28.8115	41.02821
79	Brown & Brown	BRO	0.31478	0.19347	0.44424	0.169	0.26371	0.297	0.054530002	59.77	0.1444	19.417	4.9970555	7.0135136	32.023586	36.717144
80	Brown–Forman	BF-B	0.3158	0.26091	0.60503	0.145	0.29356	-0.066	0.10335	98.946	0.38998002	31.926	12.892935	9.682405	36.87113	38.04787
81	C. H. Robinson	CHRW	0.050229996	0.03496	0.074	0.263	0.04575	1.246	0.0942	89.513	0.34820998	16.201	7.3282933	0.79417914	20.346535	23.199368
82	Cadence Design Systems	CDNS	0.31043	0.23297001	0.89552003	0.126	0.26149	0.086	0.1164	13.202	0.27576	53.065	20.526432	17.541697	55.985077	80.149574
83	Caesars Entertainment	CZR	0.27989	-0.25601	0.53436	18.701	0.13324		0.026519999	510.267	-0.53109	24.512	4.294346	2.7760465	42.141594	
84	Campbell Soup	CPB	0.22062	0.11395001	0.32536998	-0.044	0.18191999	-0.157	0.07829	163.021	0.31947002	9.881	4.349855	1.5183024	13.709151	15.782543
85	Capital One	COF	0.0	0.38679	0.0	2.694	0.51721		0.02803		0.19621		1.1791581	2.1463177	8.944342	9.506798
86	Cardinal Health	CAH	0.01629	0.00678	0.04124	0.126	0.011829999		0.02921	405.014	0.8061	6.418	8.236059	0.08782277	8.184168	12.96979
87	CarMax	KMX	0.07566	0.04794	0.1506	1.281	0.06565	86.667	0.047140002	346.2	0.28465	20.783	4.7569914	0.844261	19.819315	28.150442
88	Carnival Corporation	CCL	0.0	0.0	0.0	-0.934	-42.709217		-0.07177	180.365	-0.47143	-13.278	1.2140776	179.42535	88.54167	
89	Carrier Global	CARR	0.1351	0.11079001	0.29551	0.068	0.117860004	-0.369	0.05741	141.277	0.35643002	19.774		2.3018603		
90	Catalent	CTLT	0.24490999	0.14269	0.34162998	0.212	0.17285	0.195	0.04968	98.584	0.14791	23.864	5.701247	5.069479	36.34795	42.096172
91	Caterpillar	CAT	0.19153999	0.10637	0.26508	0.255	0.14427	1.131	0.055419996	220.377	0.32522	15.079	6.8211427	2.3354106	17.184053	32.99976
92	Cboe Global Markets	CBOE	0.25266	0.12755999	0.38138	-0.078	0.20751	-0.049	0.07177	42.004	0.13075	16.159	4.6152205	4.0112824	26.679012	28.465424
93	CBRE	CBRE	0.0943	0.055859998	0.22149	0.204	0.06312	1.331	0.0571	54.8	0.19532	14.107	4.8215017	1.361396	24.397465	42.507027
94	CDW	CDW	0.08088	0.04998	0.17163	0.114	0.07018	0.436	0.097370006	545.472	0.97480005	19.204	24.45351	1.4118696	25.319256	34.44069
95	Celanese	CE	0.26003	0.35897	0.29759002	0.606	0.21393	1.612	0.09835	95.2	0.79441	10.342	5.141349	2.318923	12.562548	9.061765
96	Centene	CNC	0.04074	0.0064499998	0.16047001	0.103	0.02812	0.021	0.027449999	85.098	0.02755	10.716	1.8775437	0.43338773	14.865149	20.272272
97	CenterPoint Energy	CNP	0.30313998	0.12753001	0.38915002	0.078	0.16251	1.539	0.023529999	186.182	-0.0357	13.382	2.5333948	1.8745028	18.965517	
98	Ceridian	CDAY	0.03092	-0.069180004	0.43526	0.3	-0.00811		-0.00072999997	53.559	-0.030150002	704.909	7.1475863	16.9576	178.68967	
99	Cerner	CERN	0.25629	0.0915	0.82869005	0.073	0.17667	-0.491	0.08457	48.47	0.12667	18.939	6.430371	4.8511353	25.314049	35.17994
100	CF Industries	CF	0.37993	0.09945	0.2325	0.319	0.18604	0.287	0.044510003	66.23	0.106639996	10.677	5.112952	3.3779678	23.828382	38.77551
101	Charles River Laboratories	CRL	0.24294001	0.11576	0.37645	0.205	0.1673	-0.01	0.058379997	128.648	0.18369	26.486	8.466579	5.400918	32.13089	50.002716
102	Charles Schwab	SCHW	0.0	0.28879	0.96766996	0.848	0.41654998	0.229	0.0094	56.842	0.103819996		3.5875976	10.1938505	24.852173	36.98878
103	Charter Communications	CHTR	0.39200002	0.08396	0.44784	0.092	0.20658001	0.667	0.04602	417.43	0.17694001	10.697	5.8199153	2.3916872	23.290545	36.60826
104	Chevron	CVX	0.21208	0.07359	0.43964002	0.773	0.09712		0.03529	27.316	0.07405	8.989	1.7105975	1.6762439	18.661882	
105	Chipotle Mexican Grill	CMG	0.14466	0.09876	0.38772	0.219	0.110139996	1.546	0.080790006	151.004	0.34518	49.536	23.366673	6.810772	53.671295	121.956276
106	Chubb	CB	0.19886999	0.20944999	0.28038	0.072	0.19143999		0.02467	32.473	0.14243001	12.172	1.4445782	2.1860235	14.838155	15.409224
107	Church & Dwight	CHD	0.22753	0.16018	0.43772	0.057	0.19022	0.082	0.084139995	56.139	0.24379	19.919	7.615667	4.7810674	30.504587	32.386364
108	Cigna	CI	0.0596	0.049200002	0.13713	0.082	0.04848	0.27	0.03285	73.536	0.17627001	10.091	1.6144189	0.45393288	9.765139	9.703443
109	Cincinnati Financial	CINF	0.40347	0.31048	0.4057		0.39515		0.09426	8.125	0.31929	4.688	1.620266	1.831004	24.853657	5.9451575
110	Cintas Corporation	CTAS	0.23646	0.15717	0.46668	0.086	0.19748	0.119	0.11281	86.81	0.33038	27.499	12.025375	6.3165827	42.710655	47.82509
111	Cisco Systems	CSCO	0.31235	0.2244	0.63726	0.081	0.27665	0.373	0.09196	25.032	0.28190002	14.954	6.525317	5.1647577	18.307352	25.731709
112	Citigroup	C	0.0	0.30629	0.0	0.163	0.38419	0.584	0.01008		0.11693		0.68282336	1.6510842	7.307039	8.260392
113	Citizens Financial Group	CFG	0.0	0.32555	0.0	0.241	0.41531	0.743	0.012259999		0.09784		0.96168494	2.8850334	10.91355	13.113419
114	Citrix Systems	CTXS	0.19325	0.099709995	0.83449996	0.015	0.13377	-0.474	0.04765	877.975	1.35183	22.206	48.502964	3.8380222	14.268895	29.902527
115	Clorox	CLX	0.19384001	0.09672	0.43577	-0.091	0.16591999	-0.677	0.12134	538.176	0.95866996	16.651	28.418411	2.8767695	22.080624	23.593164
116	CME Group	CME	0.63223	0.41746	1.0	-0.002	0.53806	0.014	0.0104600005	15.147	0.071669996	27.875	3.0939903	17.884594	31.129076	42.984993
117	CMS Energy	CMS	0.34194002	0.1197	0.3941	0.145	0.20809999	-0.155	0.031689998	190.29	0.12907	12.471	3.216055	2.5278578	20.79085	21.17138
118	Coca-Cola	KO	0.35199	0.23313999	0.60723996	0.161	0.31123	0.425	0.07831	172.826	0.39722002	20.843	12.291402	6.6200175	24.593222	34.754494
119	Cognizant Technology Solutions	CTSH	0.17601	0.104779996	0.37429002	0.118	0.14519	0.609	0.09026	14.533	0.16548	13.579	4.130029	2.5416703	19.66515	30.333803
120	Colgate-Palmolive	CL	0.25412	0.15367	0.6031	0.063	0.22224002	-0.074	0.15369001	750.243	2.7066698	16.582	266.62903	4.0320363	23.548433	26.577171
121	Comcast	CMCSA	0.29229	0.114379995	0.66806	0.204	0.17011	0.231	0.042680003	106.909	0.13534	11.492	2.4884622	2.1137588	13.589431	19.820158
122	Comerica	CMA	0.0	0.33787	0.0	0.524	0.44482	1.762	0.01265		0.13894		1.5347525	3.681295	16.124763	13.8925085
123	Conagra Brands	CAG	0.19798	0.108	0.27597	-0.01	0.16664	-0.269	0.05175	110.248	0.14337	11.326	1.944553	1.4566748	12.712053	13.758313
124	ConocoPhillips	COP	0.35056	0.06245	0.43814	2.431	0.09608	5.458	0.02398	45.194	0.048860002	10.761	2.238274	3.258712	18.544043	11930.0
125	Consolidated Edison	ED	0.35464	0.09024	0.57593	0.137	0.20120001	0.089	0.02627	129.094	0.062090002	11.034	1.5068641	2.3648467	18.594234	24.744762
126	Constellation Brands	STZ	0.37011	0.086160004	0.53375	0.049	0.33386	-0.997	0.0708	91.747	0.06776	16.51	3.4635074	5.340743	20.744463	23.587408
127	The Cooper Companies	COO	0.31250998	1.0076001	0.67928004	0.114	0.20667	0.35	0.0462	25.157	0.547	23.697	3.2777672	6.918466	27.87237	8.644096
128	Copart	CPRT	0.46563998	0.3426	0.49773	0.334	0.42139	0.919	0.17476	16.315	0.30596	26.728	10.667638	14.036382	37.282444	41.613182
129	Corning	GLW	0.27377	0.121470004	0.3682	0.205	0.16516	-0.105	0.04735	63.059	0.13255	10.069	2.5539443	2.278166	15.466387	26.106384
130	Corteva	CTVA	0.14009	0.106680006	0.40844002	0.273	0.059809998		0.013890001	9.9	0.071609996	15.511	1.4276037	2.2214134	26.044945	
131	Costco	COST	0.04255	0.02555	0.12885	0.174	0.03424	0.201	0.073020004	56.051	0.27616	23.759	15.543143	1.2413287	50.008194	56.201046
132	Coterra	CTRA	0.47245	0.18084	0.67134005	0.925	0.27679002		0.07334	42.017	0.15783	19.469		0.19183299	-7.924797	
133	Crown Castle	CCI	0.56077	0.20246	0.68101996	0.089	0.30636	1.132	0.03042	313.645	0.14574	32.476	9.618983	13.896675	63.273914	94.835365
134	CSX	CSX	0.54723	0.3026	0.54723	0.243	0.42918998	0.344	0.080369994	128.113	0.27854002	14.39	2.1174335	2.336058	7.412298	10.417965
135	Cummins	CMI	0.13295001	0.095240004	0.24509001	0.586	0.103879996	1.204	0.07004	49.994	0.26437	11.719	3.8471801	1.3475357	11.435156	16.848007
136	CVS Health	CVS	0.06362	0.025980001	0.17431	0.11	0.04733	-0.071	0.035150003	108.277	0.10172	10.18	1.8800963	0.48169217	12.237636	18.067677
137	D. R. Horton	DHI	0.18365	0.14064	0.25707	0.352	0.18059	0.779	0.14795999	31.658	0.28893	7.374	2.9209423	1.4527124	8.993151	12.177138
138	Danaher	DHR	0.33821	0.20999001	0.60325	0.363	0.26235	0.928	0.05869	48.008	0.1398	26.046	6.1588736	8.565353	35.337555	50.40292
139	Darden Restaurants	DRI	0.15128	0.10334	0.21301001	0.51	0.110290006	5.476	0.05407	212.465	0.3225	19.944	7.444117	2.4041562	20.323162	
140	DaVita	DVA	0.21018	0.08331	0.31183	0.005	0.15255	0.844	0.06367	437.564	0.41874	9.436	9.542725	1.0200753	11.586458	17.194313
141	Deere & Co.	DE	0.20862	0.12825	0.28652	0.289	0.18841	1.07	0.06322	307.316	0.38009998	16.969	7.227424	2.572444	16.79491	24.108522
142	Delta Air Lines	DAL	-0.10606	-0.00275	-0.01791	1.99	-0.17437		-0.03502	1354.451	-0.02247	-18.499	52.12963	1.0330501	9.659314	
143	Dentsply Sirona	XRAY	0.19570999	0.049790002	0.51845	0.175	0.101569995		0.025810001	48.195	0.036170002	23.868	2.4371123	3.4374933	17.143301	69.92376
144	Devon Energy	DVN	0.26556998	0.03481	0.48937	2.943	0.059369996		0.019270001	79.566	0.050640002	12.446	3.4181817	3.6244137	13.645162	
145	DexCom	DXCM	0.19162	0.24452999	0.69151	0.317	0.15899	0.312	0.05373	94.814	0.31663	124.412	29.255375	25.660557	172.90541	110.619606
146	Diamondback Energy	FANG	0.57374	0.08392	0.84948	1.652	0.34063		0.054050002	56.102	0.04062	8.837	1.8115377	3.6792212	10.42244	
147	Digital Realty Trust	DLR	0.50845003	0.13045	0.61477	0.162	0.18546	1.25	0.01433	84.992	0.0322	26.49	2.8557928	11.0073185	101.93976	108.335464
148	Discover Financial Services	DFS	0.0	0.45095003	0.95013	0.32	0.6011	0.445	0.04449	139.606	0.44065		2.9075718	3.0758488	9.850983	12.971439
149	Discovery (Series A)	DISCA	0.35241002	0.09109	0.64165	0.041	0.22309999	-0.62	0.04486	119.491	0.095	9.133	1.4778788	1.0639324	7.4800615	21.830797
150	Discovery (Series C)	DISCK	0.35241002	0.09109	0.64165	0.041	0.22309999	-0.62	0.04486	119.491	0.095	8.84	1.4275758	1.1472377	7.203364	21.087736
151	Dish Network	DISH	0.24038	0.14045	0.34747002	0.408	0.19765	0.359	0.06107	112.366	0.19041	8.213	1.2737378	0.9635104	12.132353	8.511736
152	Dollar General	DG	0.11545999	0.07193	0.31926	0.039	0.09707	-0.1	0.07918	227.684	0.37108	16.538	8.369803	1.5393088	19.791332	20.35898
153	Dollar Tree	DLTR	0.1113	0.05781	0.30762	0.01	0.08407	0.118	0.06586	138.009	0.2155	11.801	4.2701654	1.229002	19.989752	21.985506
154	Dominion Energy	D	0.44756	0.16607	0.51404	-0.022	0.25541002		0.022219999	147.95	0.07534	16.295	2.567299	4.4497876	18.796118	80.165634
155	Domino's Pizza	DPZ	0.19135	0.111829996	0.27772	0.031	0.18055001	0.301	0.29653			29.419		4.89088	36.619556	44.373833
156	Dover Corporation	DOV	0.20526	0.12251	0.37902	0.154	0.1674	0.312	0.08528	78.631	0.26424998	16.938	7.142975	3.2467654	22.85	34.05766
157	Dow	DOW	0.19532	0.113249995	0.19092	0.528	0.14032		0.07396	97.457	0.39372003	5.398	2.9496958	0.80500406	10.090328	20.889685
158	DTE Energy	DTE	0.22976999	0.097720005	0.28948998	0.25	0.14581001	-0.361	0.02651	184.52	0.108710006	13.388	1.8059329	1.6693422	16.117079	15.900258
159	Duke Energy	DUK	0.47197	0.124960005	0.49823	0.062	0.23905		0.022030002	135.295	0.05649	13.101	1.7253139	3.3091948	18.937614	60.04072
160	Duke Realty	DRE	0.58036	0.33688998	0.69988996	0.279	0.28555	3.074	0.021329999	68.701	0.07063	36.349	4.5152435	21.942867	83.333336	64.90135
161	DuPont	DD	0.24994	0.27913	0.34698	0.257	0.107889995		0.025810001	40.209	0.03598	8.223	1.5349238	1.9367903	17.78458	18.025742
162	DXC Technology	DXC	0.11169	0.02316	0.22540002	-0.116	0.01692		0.00778	125.162	0.080129996	6.079	1.4682862	0.49343553	9.488372	
163	Eastman Chemical	EMN	0.19292	0.05126	0.24799	0.282	0.13713999	1.178	0.052950002	91.526	0.08428001	10.748	2.5715475	1.6085904	12.798696	32.590748
164	Eaton	ETN	0.17026	0.10596	0.32136002	0.088	0.124560006	0.414	0.046669997	59.173	0.13566	23.386	4.478461	3.440858	24.42319	47.403656
165	eBay	EBAY	0.31062	1.12829	0.73903	0.142	0.26027	13.922	0.071669996	71.827	0.28823	11.508	11.676301	3.8564477	14.300885	15.677904
166	Ecolab	ECL	0.21711999	0.086619996	0.41717997	0.178	0.14812		0.061339997	105.687	0.16858	26.618	10.3962555	5.3922534	37.2	
167	Edison International	EIX	0.34655	0.0579	0.52252	0.11	0.21184999	-0.013	0.026970001	156.957	0.04828	10.603	1.8256513	1.8268338	14.35805	31.36048
168	Edwards Lifesciences	EW	0.33942002	0.29692	0.75534	0.488	0.31375		0.13713	13.329	0.32598	42.874	17.11826	16.18715	50.892857	95.07043
169	Electronic Arts	EA	0.20573	0.11816	0.73414004	0.063	0.16238001	-0.432	0.04835	28.468	0.08717	31.29	4.7890644	6.647006	21.53285	32.685215
170	Emerson Electric	EMR	0.22949	0.12629	0.41472998	0.085	0.17635	-0.077	0.08446	67.167	0.25335	15.056	6.0115604	3.0096807	20.894976	25.81664
171	Enphase Energy	ENPH	0.25682	0.11113	0.44594002	0.468	0.23685	-0.566	0.07993	139.307	0.18447	153.066	34.94538	29.41745	69.9037	280.44577
172	Entergy	ETR	0.35055	0.113129996	0.4316	0.17	0.17695		0.02214	227.632	0.11343	11.779	2.004662	2.0186944	17.473015	13.813528
173	EOG Resources	EOG	0.46631	0.13615	0.61654	2.713	0.19063		0.045619998	25.755	0.091079995	6.666	2.5151656	3.6995401	15.217408	
174	EPAM Systems	EPAM	0.16794	0.12593001	0.3414	0.516	0.14556	0.275	0.10589	9.651	0.20236999	64.61	18.057749	11.050361	69.07419	110.32042
175	Equifax	EFX	0.31956	0.14543	0.59571	0.145	0.22372	-0.108	0.06587	153.863	0.21561001	24.858	10.523217	7.290973	34.236874	58.183937
176	Equinix	EQIX	0.42201	0.054330003	0.48035	0.128	0.17503999	-0.5	0.02475	142.492	0.03255	31.395	6.9127026	11.601742	89.89482	179.15825
177	Equity Residential	EQR	0.59676	0.29532	0.61823004	-0.085	0.26657	0.204	0.01967	77.287	0.0671	28.113	3.1904936	13.52493	98.79775	49.59391
178	Essex Property Trust	ESS	0.64443	0.26903	0.6835	-0.048	0.29860002	-0.227	0.02155	100.499	0.06801	28.096	3.688307	14.846217	79.6958	52.77786
179	Estée Lauder Companies	EL	0.22799999	0.177	0.76417	0.62	0.18785		0.09578	116.566	0.52704	32.969	23.895191	8.145173	51.02661	96.46015
180	Etsy	ETSY	0.24472	0.21553	0.73251	0.179	0.23321	-0.113	0.11368	435.103	0.80061996	56.004	41.73002	12.830999	60.173798	63.916504
181	Evergy	EVRG	0.40952	0.15782	0.47879001	0.065	0.24012	0.219	0.030299999	115.81	0.0983	11.556	1.7244492	2.7591345	19.114286	20.584616
182	Eversource Energy	ES	0.33355	0.1311	0.49596	0.087	0.22333	0.031	0.029790001	132.52	0.08839	15.241	2.167503	3.2388935	21.963326	24.925083
183	Everest Re	RE	0.0	0.11951999	0.13964	0.34	0.13504	2.553	0.02934	18.343	0.13485		1.1027676	0.9606931	8.871128	12.717811
184	Exelon	EXC	0.25195	0.03195	0.27207002	0.131	0.104940005		0.0176	122.54	0.03813	10.304	1.6631566	1.5577283	17.9835	49.09009
185	Expedia Group	EXPE	-0.29131	-0.44594002	0.67847	-0.436	-0.35741		-0.04476	239.973	-0.51322	-25.244	17.502853	6.38444	31.19661	
186	Expeditors	EXPD	0.11068	0.07932	0.12727	0.839	0.107080005	0.866	0.17136	13.332	0.39303002	12.441	7.694656	1.5116581	25.395348	26.03616
187	Extra Space Storage	EXR	0.66661	0.43714002	0.75384	0.183	0.51008	0.573	0.052010003	168.965	0.2241	29.671	9.928166	19.769423	48.22	49.081657
188	ExxonMobil	XOM	0.113249995	-0.061750002	0.31561002	1.04	0.02937		0.01134	36.611	-0.07788	12.393	1.6518785	1.2011559	13.641426	
189	F5	FFIV	0.20933	0.11283	0.81555	0.106	0.16519	-0.3	0.05687	37.232	0.13902001	21.742	6.9881854	5.6717854	20.107573	52.037865
190	FactSet	FDS	0.33838	0.25109	0.50586	0.074	0.29787	0.148	0.13754	85.509	0.41782	33.2	18.551357	11.431211	40.557804	47.869522
191	Fastenal	FAST	0.23149	0.15237	0.45708	-0.001	0.20211	0.001	0.17438999	23.167	0.30647	24.605	12.896311	6.309411	36.584797	41.430466
192	Federal Realty Investment Trust	FRT	0.59985	0.18422002	0.66306	0.345	0.30491	4.18	0.02152	154.978	0.06073	26.458	4.393606	11.740666	78.07101	81.44444
193	FedEx	FDX	0.13994001	0.0623	0.28264	0.3	0.09476		0.06362	150.869	0.24638	8.596	3.0703769	0.80384165	12.4865	22.39588
194	Fidelity National Information Services	FIS	0.34824002	0.0068900003	0.35914	0.173	0.14039999	17.333	0.01406	39.97	0.00196	20.773	1.3740631	5.1447797	14.845109	437.04
195	Fifth Third Bancorp	FITB	0.0	0.32849	0.0	0.079	0.42494	0.244	0.01323		0.11923		1.4986622	3.669191	13.3529415	15.844968
196	FirstEnergy	FE	0.35448003	0.12613	0.72533995	0.006	0.22543	3.51	0.034730002	328.709	0.18541001	11.42	2.9943838	2.074438	15.584616	16.418154
197	First Republic Bank	FRC	0.0	0.29357	0.0	0.304	0.38592	0.186	0.00898		0.10504		3.3294702	7.6877985	26.351423	31.858795
198	Fiserv	FISV	0.35587	0.07372	0.51498	0.169	0.15223	135.193	0.019199999	63.559	0.03605	17.178	2.2156296	4.576472	16.489876	82.9663
199	Fleetcor	FLT	0.53818	0.31121	0.80754	0.291	0.45171002	0.279	0.06093	180.8	0.26971	15.394	5.59232	7.0573654	15.34063	27.62069
200	FMC Corporation	FMC	0.25871	0.12394	0.43028998	0.101	0.22307	0.442	0.06609	116.519	0.20516	13.091	4.6622405	2.932182	13.437036	26.953936
201	Ford	F	0.06665	0.021300001	0.100880004	-0.048	0.0219	-0.25	0.00719	397.431	0.081470005	21.834	2.3923302	0.60119975	11.519886	20.397383
202	Fortinet	FTNT	0.21624	0.17735	0.76917	0.332	0.192	0.293	0.07852	94.32	0.59995997	79.822	58.45987	18.340235	80.71494	118.77875
203	Fortive	FTV	0.23772	0.34215	0.57060003	0.267	0.16291	0.426	0.03305	30.037	0.19634001	23.243	2.795897	4.9746666	26.108774	15.892781
204	Fortune Brands Home & Security	FBHS	0.17393999	0.10345	0.36416	0.202	0.14837	0.239	0.094790004	91.534	0.26770002	13.075	4.9312468	1.9308685	16.786415	23.141922
205	Fox Corporation (Class A)	FOXA	0.23913	0.16655001	0.37741002	0.195	0.21419	1.204	0.077360004	74.231	0.20191	8.783	1.9526564	1.631592	13.547444	11.060786
206	Fox Corporation (Class B)	FOX	0.23913	0.16655001	0.37741002	0.195	0.21419	1.204	0.077360004	74.231	0.20191	8.193	1.809574	1.5925103	14.638299	10.2502985
207	Franklin Resources	BEN	0.27632	0.15654	0.41146	0.871	0.23843999	0.477	0.06115	32.27	0.12217	7.937	1.615153	2.1129758	10.132622	21.331837
208	Freeport-McMoRan	FCX	0.45145	0.18455	0.46005002	0.58	0.35237998	3.273	0.105979994	42.896	0.24268	6.878	5.4931893	2.835672	11.4451685	33.366203
209	Gap	GPS	0.08123	0.04531	0.48833	0.286	0.05144		0.038900003	243.609	0.28561002	10.147	2.3250034	0.39316502	7.9018264	15.060923
210	Garmin	GRMN	0.29899	0.24363	0.59289	0.525	0.26939	0.708	0.120129995	1.331	0.22934	19.609	4.5233293	5.3201513	22.653198	24.608631
211	Gartner	IT	0.24239	0.15501	0.69254994	0.163	0.20094	8.273	0.08243	1004.595	1.02595	26.726	31.853695	6.183125	52.351524	82.319534
212	Generac Holdings	GNRC	0.24233	0.16157	0.3953	0.697	0.21716	2.426	0.12583	60.555	0.33971	37.005	14.596615	7.9014993	31.258177	49.618244
213	General Dynamics	GD	0.13715	0.08555	0.16855	0.015	0.114259996	0.059	0.054330003	97.405	0.2173	12.867	3.7356877	1.5148542	16.658796	18.597273
214	General Electric	GE	0.09193	-0.00052	0.18652001	-0.005	0.022550002		0.00451	169.123	0.048779998	21.632	24.588053	10.501196	180.86404	
215	General Mills	GIS	0.22328	0.12719	0.35279998	0.04	0.19045	-0.01	0.068509996	122.546	0.23481001	13.258	4.5434313	2.2002335	17.79531	16.028307
216	General Motors	GM	0.14484	0.0913	0.15326999	1.036	0.1076		0.03918	193.287	0.24875	8.237	1.6406997	0.58857274	8.246725	9.145278
217	Genuine Parts	GPC	0.08309	0.045489997	0.34729	0.251	0.06713		0.05483	102.281	0.26774	13.846	5.896411	1.0970737	21.071428	371.7808
218	Gilead Sciences	GILD	0.54316	0.26905	0.83022004	0.128	0.47249	6.147	0.12683	128.946	0.37846002	7.503	4.7866073	3.3013382	10.894578	301.41666
219	Globe Life	GL	0.20872	0.15289	0.26666	0.069	0.20521	0.045	0.02249	22.534	0.091630004	10.733	1.3720692	1.8900898	12.157686	13.54612
220	Global Payments	GPN	0.39998	0.11376	0.55335	0.148	0.19740999	0.368	0.02257	43.173	0.03518	14.616	1.4996903	4.8471327	14.443024	63.701267
221	Goldman Sachs	GS	0.0	0.38197	0.89524	0.279	0.48047	0.662	0.017239999	533.961	0.21962999		1.5455973	2.2493782	10.703004	9.560336
222	W. W. Grainger	GWW	0.136	0.071100004	0.35249	0.13	0.12139	1.033	0.13611001	110.929	0.43745998	13.818	14.491522	2.148276	22.276798	35.839546
223	Halliburton	HAL	0.116009995	0.01085	0.08287	0.16	0.04809		0.019129999	194.769	0.02918	17.052	3.9339752	1.5225706	16.22695	
224	The Hartford	HIG	0.16188999	0.0994	0.34555	0.099	0.13142	0.079	0.02417	27.925	0.12186	7.374	1.398312	1.1099211	10.184408	14.490187
225	Hasbro	HAS	0.19729	0.07369	0.52245	0.109	0.15331	0.137	0.05612	141.197	0.15453	14.089	4.5912457	2.1867614	18.9572	32.852325
226	HCA Healthcare	HCA	0.21505	0.11328	0.3859	0.148	0.16699	2.59	0.12033	1866.301	4.74392	9.178	342.83783	1.4468045	16.657913	18.958302
227	Healthpeak Properties	PEAK	0.46677	0.28266	0.587	0.166	0.18386999	4.657	0.0134000005	70.329	7e-05	28.789		10.606598		
228	Henry Schein	HSIC	0.08309	0.051209997	0.29033002	0.119	0.06692	0.162	0.06306	23.782	0.14878	12.952	3.1436987	0.8815325	17.13532	24.343433
229	The Hershey Company	HSY	0.27139	0.16520001	0.46300998	0.165	0.23615	0.124	0.14416	198.213	0.71300006	17.029	17.313763	4.4950852	25.923077	28.083334
230	Hess Corporation	HES	0.51773	-0.027709998	0.77814	0.879	0.15972		0.02996	136.926	0.02	9.946	4.0445914	3.9338276	22.187128	
231	Hewlett Packard Enterprise	HPE	0.17469999	0.123339996	0.33745998	0.02	0.08123	15.096	0.02525	72.828	0.18979	6.313	1.2470468	0.7442917	8.120513	32.119675
232	Hilton Worldwide	HLT	0.13635999	-0.64792	0.62172	-0.461	-0.08783		-0.00449			247.249		32.91551	37.687958	
233	Hologic	HOLX	0.54263	0.35983002	0.73581004	0.42	0.47492	0.962	0.21837999	81.564	0.66317004	6.864	5.1259284	3.4351585	18.336958	10.42502
234	Home Depot	HD	0.18577999	0.10791001	0.33718	0.098	0.16687	0.233	0.22013001	4373.43	12.4031105	17.089	241.04814	2.8475692	26.547651	28.835106
235	Honeywell	HON	0.24559	0.14647001	0.32062	0.178	0.21219999	0.333	0.07062	122.78	0.27637	19.588	7.9452815	4.2081804	22.634874	31.49893
236	Hormel	HRL	0.13108	0.08322	0.18562001	0.202	0.109969996	-0.135	0.06488	48.942	0.13194	18.868	3.85273	2.501552	25.142105	29.487654
237	Host Hotels & Resorts	HST	-0.42887002	-0.93524003	-0.33546	-0.614	-1.13588		-0.05111	98.008	-0.13271	-41.587	1.9895439	12.9786415	96.19444	
238	Howmet Aerospace	HWM	0.20728001	0.02607	0.26934	-0.26	0.14998001	-0.634	0.03079	132.277	0.03263	18.955		2.7754555		
239	HP	HPQ	0.09839	0.0656	0.20672001	0.07	0.085810006	0.776	0.095419995			6.212		0.7317661	10.561705	13.581502
240	Humana	HUM	0.051069997	0.03252	0.17308001	0.087	0.047080003	0.178	0.057729997	76.778	0.1668	12.005	4.192003	0.72364676	18.735067	16.377878
241	Huntington Bancshares	HBAN	0.0	0.24201	0.0	0.256	0.36643		0.00774		0.06917		1.419851	4.7939615	10.804965	13.340631
242	Huntington Ingalls Industries	HII	0.115159996	0.07007	0.16056	0.01	0.086840004	-0.331	0.055320002	160.758	0.33078998	9.212	3.695909	0.7603042	12.473883	10.9373865
243	IDEX Corporation	IEX	0.27162	0.162	0.44694	0.225	0.23616	0.102	0.08663	47.854	0.16851	25.486	6.7015557	6.5540757	33.48144	45.19008
244	Idexx Laboratories	IDXX	0.32514	0.24141	0.58768004	0.123	0.29278	0.201	0.25882998	127.497	1.26533	52.579	78.364914	17.547346	70.89011	83.01376
245	IHS Markit	INFO	0.37888	0.13526	0.63673997	0.1	0.2489	-0.023	0.04362	58.343	0.070700005	33.637	6.1236186	12.331882	37.832863	100.11245
246	Illinois Tool Works	ITW	0.26881	0.17176001	0.41482	0.098	0.236	0.192	0.12755	242.643	0.7964	22.339	23.195591	5.8918014	25.796385	34.498825
247	Illumina	ILMN	0.21448	0.21192	0.7021	0.395	0.16495001	0.719	0.03928	23.95	0.11862001	69.861	11.343142	13.044486	53.11111	89.34579
248	Incyte	INCY	0.17834	0.124110006	0.38244998	0.026	0.15772	-0.492	0.07537	1.166	0.12788	31.14	5.906013	5.922915	16.28222	33.59468
249	Ingersoll Rand	IR	0.19593	0.05718	0.36400002	0.247	0.10258		0.02303	41.772	0.043270003	19.093	2.7949715	4.4109583	29.262255	
250	Intel	INTC	0.44245	0.2689	0.56266	0.047	0.29309	0.637	0.09179	44.739	0.25634	6.173	2.6065068	2.6507833	11.2724285	11.560817
251	Intercontinental Exchange	ICE	0.60728	0.43815	1.0	0.277	0.48889	0.577	0.0153	66.88	0.1503	20.864	3.8376389	10.975832	25.86977	36.34482
252	IBM	IBM	0.21494	0.07169	0.48683	0.034	0.12443	-0.032	0.03845	270.943	0.24530001	10.939	5.4641156	1.5708501	10.854772	21.880228
253	International Paper	IP	0.14663	0.08198	0.30043	0.115	0.09019	3.239	0.04033	92.31	0.21531999	7.832	2.3112493	0.81764	8.524507	18.669086
254	Interpublic Group	IPG	0.198	0.087510005	0.24523	0.225	0.16473		0.05456	160.675	0.25925	10.444	5.0259953	1.692849	15.631916	33.12444
255	International Flavors & Fragrances	IFF	0.21714	0.01708	0.3805	1.576	0.12713	-0.851	0.02388	58.301	0.01017	25.818	2.419642	4.3912883	21.669195	44.48598
256	Intuit	INTU	0.32201	0.23931	0.83123	0.39	0.29275	0.29	0.13826999	24.832	0.28948998	49.352	17.440123	19.521662	58.847084	80.49696
257	Intuitive Surgical	ISRG	0.32105	0.25783002	0.66482	0.175	0.25981	0.34	0.068959996		0.12668	65.711	4.238654	9.457688	23.005695	37.396088
258	Invesco	IVZ	0.28338	0.20915002	0.324	0.169	0.2526	0.732	0.03101	12.808	0.11299	8.352	1.0214584	1.5919281	7.880068	15.255069
259	IPG Photonics	IPGP	0.30776	0.1833	0.47262	0.191	0.24112	1.121	0.07273	1.486	0.100659996	16.515	3.507109	6.3706393	25.365126	57.306396
260	IQVIA	IQV	0.1723	0.04694	0.33585998	0.364	0.09017		0.03093	220.035	0.108509995	26.33	8.933054	4.1137967	28.149088	132.16667
261	Iron Mountain	IRM	0.33969003	0.14482	0.57706	0.09	0.19632	0.769	0.038599998	1114.843	0.62629	16.727	12.992645	3.36797	35.825176	43.086628
262	Jack Henry & Associates	JKHY	0.26068002	0.17964001	0.39977002	0.08	0.23111	0.159	0.11231	8.828	0.21934	26.416	9.381175	6.8688035	36.596916	42.844246
263	Jacobs Engineering Group	J	0.08442	0.03678	0.20557	0.097	0.06883	-0.558	0.043369997	60.455	0.06781	17.82		1.2713429		
264	J. B. Hunt	JBHT	0.12982	0.05895	0.16479	0.272	0.08158	0.593	0.094639994	51.127	0.24867001	14.848	7.6036487	1.814165	25.671034	38.173843
265	JM Smucker	SJM	0.21903999	0.10055	0.38164002	-0.058	0.16166	-0.317	0.04814	58.552	0.096049994	10.331	1.7777423	1.8309807	14.538713	17.11425
266	Johnson & Johnson	JNJ	0.34474	0.19552	0.67611	0.107	0.26287	0.03	0.08587	48.281	0.26539	14.079	6.7391825	4.8529253	16.172745	29.768595
267	Johnson Controls	JCI	0.17618999	0.06917	0.3405	0.074	0.14049	-0.37	0.05025	48.6	0.09365	15.807	3.1814682	2.3789558	25.179487	54.555553
268	JPMorgan Chase	JPM	0.0	0.38171002	0.0	0.088	0.47446	0.281	0.0143		0.17846		1.914175	3.635723	13.173078	12.4970255
269	Juniper Networks	JNPR	0.14719	0.044949997	0.57999	0.079	0.09908	0.056	0.03267	42.735	0.04704	14.113	2.526238	2.4312868	18.084656	55.397083
270	Kellogg's	K	0.17013	0.091230005	0.34162998	0.05	0.13614	0.059	0.065349996	227.962	0.37425	12.694	6.8457036	1.5408043	15.021429	17.09756
271	KeyCorp	KEY	0.0	0.34092	0.0	0.262	0.43692002	0.575	0.01432		0.14532		1.4026086	2.9120705	11.517767	12.833711
272	Keysight Technologies	KEYS	0.27288	0.16213	0.60578	0.364	0.1997	1.676	0.08006	57.32	0.22655001	23.995	10.512227	8.035825	31.276316	50.57447
273	Kimberly-Clark	KMB	0.21665001	0.12059	0.36336	-0.053	0.18072	-0.104	0.12958999	1186.327	5.84596	12.894	90.50652	2.4821475	17.50782	20.821386
274	Kimco Realty	KIM	0.57155	0.37932998	0.67689	0.21	0.32827	-0.851	0.01953	91.741	0.074039996	23.173	1.8012398	9.269359	46.14706	9.964013
275	Kinder Morgan	KMI	0.42869	0.11464	0.50288	0.31	0.29294002	0.084	0.0396	103.76	0.056539997	10.969	1.1057482	2.326153	17.082607	19.571606
276	KLA Corporation	KLAC	0.41709998	0.36523998	0.60273	0.354	0.37233	1.587	0.16973	91.792	0.82329005	20.4	20.597704	8.591569	24.623896	35.12973
277	Kraft Heinz	KHC	0.26333	0.082040004	0.35462	-0.005	0.22816		0.03853	50.477	0.0438	9.473	0.8594567	1.6380355	13.285714	79.95475
278	Kroger	KR	0.04176	0.0087	0.23138	0.039	0.02017	-0.408	0.03505	229.067	0.12262	8.968	3.5219808	0.2435832	14.294146	22.526802
279	L3Harris Technologies	LHX	0.19899	0.081709996	0.29856002	0.05	0.14522	0.546	0.04508	38.782	0.07085	14.338	2.00791	2.3184922	15.706505	28.246498
280	LabCorp	LH	0.27973	0.16688	0.37515998	0.043	0.24764	-0.156	0.12939	60.08	0.29403	6.792	2.9158087	1.7633047	18.708828	11.109542
281	Lam Research	LRCX	0.32744	0.26722	0.46528	0.485	0.30644	0.689	0.18398	85.701	0.69795996	16.189	18.457802	6.7793546	21.445097	29.394978
282	Lamb Weston	LW	0.1557	0.06827	0.20337999	0.129	0.10731	-0.672	0.06007	645.461	0.68027	18.653	19.920984	2.378339	19.716667	35.974266
283	Las Vegas Sands	LVS	-0.1616	-0.57859004	0.50633997	-0.156	-0.50428003		-0.05125	454.706	-0.53995997	-106.22	10.961703	8.641072	15.78395	
284	Leidos	LDOS	0.11156999	0.057490002	0.14795	0.074	0.08846	0.265	0.058379997	138.862	0.19794	12.062	3.1989262	0.91104394	12.167999	19.954403
285	Lennar	LEN	0.18338	0.13831	0.2542	0.216	0.17951	0.61	0.09064	35.479	0.18791	8.137	1.7738856	1.4087571	8.211834	10.419872
286	Eli Lilly	LLY	0.33328998	0.23906	0.75881	0.161	0.27833	-0.069	0.10083	229.541	1.18341	24.815	36.116745	10.314027	31.870928	41.031437
287	Lincoln National	LNC	0.10217	0.07078	0.25998	-0.022	0.099180005	-0.165	0.00321	35.087	0.06217	7.357	0.659018	0.6853753	6.197248	19.37751
288	Linde	LIN	0.33262002	0.11993	0.43890998	0.119	0.17499	0.424	0.03799	36.572	0.07855	18.648	3.8185859	5.925917	30.669527	61.74099
289	Live Nation Entertainment	LYV	-0.69485	-1.1453	0.44787997	6.774	-1.03723		-0.06996		-4.4692	-24.328		20.01833	151.15385	
290	LKQ Corporation	LKQ	0.13855	0.08055	0.40627	0.082	0.116009995	0.51	0.07572	63.571	0.18214001	11.331	2.9814212	1.3539901	17.145834	23.108704
291	Lockheed Martin	LMT	0.15308	0.10689	0.13096	0.05	0.13533	0.126	0.11113	186.386	1.39531	10.406	15.298392	1.4449126	12.449821	14.0156555
292	Loews Corporation	L	0.2327	0.11124	0.39391	-0.027	0.18254	0.709	0.020769998	47.637	0.09372	5.814	0.8672776	1.0186388	19.581034	
293	Lowe's	LOW	0.15587	0.08625	0.33075002	0.027	0.13666001	2.0	0.16221		6.57829	13.168	401.72028	1.8549348	21.050547	27.25458
294	Lumen Technologies	LUMN	0.42099	-0.046529997	0.56938	-0.052	0.19412	0.317	0.0399	269.588	-0.07486	5.306		0.6985646		
295	LyondellBasell	LYB	0.19506	0.13903	0.19634001	0.874	0.16461	14.932	0.12029	127.938	0.59291	5.568	3.4399576	0.73342425	6.6875925	12.926481
296	M&T Bank	MTB	0.0	0.30346	0.0	0.314	0.41501	0.959	0.01205		0.10706		1.2774838	3.368985	12.669186	13.30365
297	Marathon Oil	MRO	0.49405	-0.13436	0.70773005	1.538	-0.07685		-0.01066	47.141	-0.0497	7.484	1.189263	3.1465554	23.34058	
298	Marathon Petroleum	MPC	0.04903	0.08717	0.08567	1.433	0.01045	938.595	0.00642	81.25	-0.00911	13.128	1.8651026	0.47134575	22.083332	
299	MarketAxess	MKTX	0.56990004	0.39508998	0.70742	-0.012	0.5069	-0.146	0.15638	8.525	0.28535998	37.784	15.81027	22.152899	45.855072	51.415
300	Marriott International	MAR	0.37888	-0.17448	0.69509006	-0.394	0.19763		0.00876	4755.983	-2.88785	84.126	228.24062	30.17447	34.621307	
301	Marsh & McLennan	MMC	0.27986	0.1421	0.43463	0.155	0.23990999	0.694	0.08723	131.3	0.29463	18.004	9.215877	4.5501347	27.832249	39.06057
302	Martin Marietta Materials	MLM	0.29990998	0.1521	0.27745	0.179	0.21197	-0.136	0.052410003	87.174	0.12033	20.566	4.643854	5.71554	33.698772	38.049828
303	Masco	MAS	0.20325	0.103999995	0.36161998	0.246	0.18437	-0.823	0.16768	1288.43	21.68831	11.166		2.2729206	17.136364	22.688065
304	Mastercard	MA	0.57505	0.45497	1.0	0.299	0.53643	0.616	0.17801	203.778	1.2762	35.325	56.606335	20.114843	34.61507	55.390484
305	Match Group	MTCH	0.3172	0.19855	0.72619003	0.253	0.29854	-0.1	0.13956			44.301		13.093185	46.510414	71.97743
306	McCormick & Company	MKC	0.20477	0.12344	0.40008	0.083	0.17746	0.039	0.05741	125.387	0.18172	21.212	6.012614	4.060978	29.566456	32.909477
307	McDonald's	MCD	0.5007	0.31715	0.53221	0.565	0.41693002	3.538	0.11128			20.774		9.11905	27.768024	38.563343
308	McKesson Corporation	MCK	0.01681	-0.01905	0.050229996	0.01	0.0130900005	-0.295	0.030869998	660.512	-1.06387	8.642		0.16024403	12.723607	
309	Medtronic	MDT	0.28974	0.12286	0.66953003	0.227	0.20416	0.556	0.043420002	50.255	0.07655	20.764	2.6933944	4.427127	16.368046	38.704887
310	Merck	MRK	0.40027002	0.13681	0.72669	0.204	0.33821	0.548	0.12133	73.728	0.26036	9.918	7.127759	3.6519864	11.358533	27.401588
311	Meta Platforms	FB	0.48748	0.35880002	0.8085	0.351	0.4179	0.188	0.18568	9.912	0.32103002	16.537	7.126004	8.462459	22.055922	28.725046
312	MetLife	MET	0.10345	0.066589996	0.27029	0.314	0.0975	53.714	0.0055	157.932	0.06387	17.696	0.74215573	0.78222746	8.852858	10.910212
313	Mettler Toledo	MTD	0.28908002	0.20848	0.58681	0.179	0.27122	0.304	0.20537001	1064.269	2.50535	36.709	185.84224	10.407542	46.401947	59.442486
314	MGM Resorts International	MGM	0.04427	-0.19285	0.44991	7.014	-0.14185001		-0.01498	189.545	-0.110369995	144.505	3.5782251	3.5886362	254.88889	
315	Microchip Technology	MCHP	0.40261	0.08399	0.6297	0.198	0.20382	0.854	0.04359	155.173	0.08685	22.986	4.45982	4.1772985	10.189695	67.45737
316	Micron Technology	MU	0.41084	0.13602	0.30702	0.3	0.15449001	0.472	0.043730002	17.719	0.08229999	9.179	2.6013124	4.5022845	8.901887	33.556187
317	Microsoft	MSFT	0.48648998	0.38515	0.68864995	0.22	0.42143002	0.489	0.14589	51.938	0.49303	28.704	18.761272	14.312894	40.065193	45.645275
318	Mid-America Apartments	MAA	0.55412	0.23813	0.58235	0.058	0.24895	1.898	0.02377	74.899	0.068509996	28.22	4.3438582	14.765863	84.76539	96.40857
319	Moderna	MRNA	0.55818003	0.4979	0.59024	63.985	0.5439		0.24299999	8.995	0.72427005	39.515	25.76126	14.103943	13.298867	165.25537
320	Mohawk Industries	MHK	0.18180001	0.098570004	0.29853	0.094	0.12722	0.369	0.06241	30.789	0.12918	6.823	1.4120495	1.0821383	11.742662	3.4478168
321	Molson Coors	TAP	0.23806	-0.05607	0.41476002	0.174	0.16529	0.991	0.03573	64.487	-0.041890003	7.54	0.7782356	0.9911521	10.671394	
322	Mondelez International	MDLZ	0.22131	0.15494001	0.40445	0.124	0.17994	1.0	0.047930002	71.47	0.16114001	16.295	3.3680933	3.2752852	20.807692	24.590908
323	Monolithic Power Systems	MPWR	0.23341	0.19218999	0.56184	0.247	0.21007	0.22	0.10913	0.497	0.20434	85.264	22.049606	20.404861	63.795338	133.8679
324	Monster Beverage	MNST	0.34689	0.2876	0.57065	0.132	0.33639	-0.031	0.16991	0.318	0.28101	24.057	9.07463	9.327405	31.14618	34.568584
325	Moody's	MCO	0.51633	0.35199	0.73848	0.125	0.47662997	0.024	0.13633001	307.865	0.97449	25.593	36.634087	12.458883	32.696297	37.07167
326	Morgan Stanley	MS	0.0	0.25267	0.89207	0.266	0.39972	0.193		314.976			1.882411	3.168198	14.174286	12.978417
327	The Mosaic Company	MOS	0.24962	0.16344999	0.22719	0.435	0.18024999		0.06192	39.496	0.18686001	6.633	1.5472661	1.357346	14.744398	14.574545
328	Motorola Solutions	MSI	0.28225002	0.1546	0.49421	0.128	0.22883	0.492	0.106680006			21.452		5.4913406	26.967691	45.78356
329	MSCI	MSCI	0.57254004	0.35529	0.82517	0.216	0.54005	-0.06	0.14132			50.516		26.19416	56.95652	79.47593
330	Nasdaq	NDAQ	0.3109	0.19599001	0.56468	-0.04	0.2684	0.07	0.0594	100.189	0.18642999	22.382	5.3466654	5.749531	28.510374	33.517075
331	NetApp	NTAP	0.20799999	0.14494	0.66824996	0.119	0.17986	1.526	0.07548	402.361	1.70319	14.324	29.465652	3.4472237	17.829609	28.152012
332	Netflix	NFLX	0.23376	0.17639999	0.43218	0.163	0.22760001	0.833	0.10012	117.578	0.39387	42.205	21.173475	9.528073	47.47531	74.46207
333	Newell Brands	NWL	0.14194	0.06904	0.32884	0.283	0.10852	1.556	0.048779998	152.705	0.19051	11.045	2.376622	0.8776292	11.278948	15.24182
334	Newmont	NEM	0.51345	0.22997999	0.55821997	0.296	0.32494998	0.907	0.06296	25.986	0.10976	7.553	2.0598829	3.8155918	15.488281	18.66175
335	News Corp (Class A)	NWSA	0.11071	0.03526	0.48931	0.279	0.06476		0.02441	39.296	0.04437	15.946	1.6106066	1.3635143	34.640625	
336	News Corp (Class B)	NWS	0.11071	0.03526	0.48931	0.279	0.06476		0.02441	39.296	0.04437	15.861	1.6183262	1.4735825		
337	NextEra Energy	NEE	0.45714	0.18688999	0.53264	-0.066	0.20614	-0.799	0.01688	118.194	0.057550002	28.699	4.762542	10.575143	33.243587	43.01185
338	Nielsen Holdings	NLSN	0.16139	0.122370005	0.57546	0.055	0.13844	12.912	0.041149996	185.758	0.047220003	12.792	2.5295038	1.1753128	12.212209	12.942081
339	Nike	NKE	0.18049	0.13169	0.45367	0.156	0.16429001	0.221	0.13328	89.172	0.51623	31.988	22.010328	5.6847725	42.18274	77.69986
340	NiSource	NI	0.36215	0.057540003	0.43800998	0.024	0.21677		0.02812	141.694	0.043709997	12.341	2.0897377	2.2730365	19.0922	70.28721
341	Norfolk Southern	NSC	0.51284003	0.26843	0.51284003	0.138	0.40514	0.378	0.07165	103.449	0.2023	14.449	4.9157495	6.62633	22.042145	31.847876
342	Northern Trust	NTRS	0.0	0.20524	0.0	0.116	0.28865	0.175	0.007900001		0.1102		2.3313384	3.9566882	16.134195	21.113388
343	Northrop Grumman	NOC	0.14818	0.120950006	0.20512	0.03	0.114779994	0.068	0.06301	126.736	0.43555	12.056	5.827739	1.6311839	14.885547	14.033143
344	NortonLifeLock	NLOK	0.47083	0.23523001	0.85589	0.117	0.43042	0.636	0.10880999			14.211		5.7157636		
345	Norwegian Cruise Line Holdings	NCLH	0.0	0.0	0.0	22.486	-14.18175		-0.08347	454.661	-1.05374	-11.652	1.914561	49.26192	61.229733	
346	NRG Energy	NRG	0.11395001	0.02024	0.21219999	3.007	0.06093		0.03602	652.274	0.20111	11.166	6.843549	0.6847948	7.265411	33.944
347	Nucor	NUE	0.19754	0.117010005	0.20534	1.031	0.16580999	13.125	0.12901	42.395	0.27493	6.496	2.975375	1.3102756	16.424242	21.132565
348	Nvidia	NVDA	0.38759	0.32324	0.63758	0.683	0.33488998	2.76	0.1436	60.486	0.40375	65.404	9.852328	8.447213	17.221573	35.09455
349	NVR	NVR	0.17072001	0.13036	0.22051	0.408	0.16833	0.94	0.17256	52.996	0.40021	11.22	6.9551706	2.4393559	15.875245	23.444061
350	NXP	NXPI	0.33672002	0.14984	0.53793997	0.262	0.2204		0.07053	137.593	0.20143	18.715	7.578294	5.9749985	21.466604	151.9241
351	O'Reilly Automotive	ORLY	0.24094999	0.15847	0.52527	0.085	0.21601	0.141	0.14299		7.17367	15.873		3.6810124	24.966177	25.486208
352	Occidental Petroleum	OXY	0.42926997	-0.24233	0.56934	1.035	-0.0061000003		-0.00088	210.754	-0.21183	8.956	3.1862905	1.3937443	-66.23864	
353	Old Dominion Freight Line	ODFL	0.31135	0.19218001	0.37873	0.323	0.25886	0.444	0.17912	2.922	0.28689	26.641	12.696814	8.200643	39.53182	55.44788
354	Omnicom Group	OMC	0.15555	0.096499994	0.18180001	0.275	0.14013		0.050640002	154.108	0.40272	8.513	4.832552	1.1114441	11.255851	15.997783
355	Oneok	OKE	0.26179	0.119049996	0.34842998	1.041	0.20707001	1.398	0.06315	243.916	0.22198	12.633	4.253562	2.2893362	16.72701	22.500967
356	Oracle	ORCL	0.44361	0.34162998	0.8022	0.039	0.38528	0.194	0.083179995		3.0970001	16.21	48.14981	6.1259103	17.501328	19.6938
357	Organon & Co.	OGN	0.27596	0.19256	0.54379004	-0.008	0.25273	-0.411				7.47				
358	Otis Worldwide	OTIS	0.16792	0.08298001	0.29481	0.222	0.15342	0.469	0.12489			18.607		2.638595		
359	Paccar	PCAR	0.115380004	0.07795	0.13484	0.043	0.10058	-0.027	0.05108	87.459	0.16235	14.021	2.7471104	1.3147265	11.984463	20.89387
360	Packaging Corporation of America	PKG	0.20788	0.10109	0.23015	0.181	0.15409	0.801	0.08908	94.856	0.21962	9.16	3.7141366	1.6864268	15.698328	25.758677
361	Parker-Hannifin	PH	0.20735	0.121700004	0.27412	0.253	0.16586	0.713	0.07394	79.858	0.23839001	14.597	5.420311	2.7926557	18.198711	26.344505
362	Paychex	PAYX	0.40739	0.27053	0.68665004	0.125	0.36006	0.18	0.1027	31.411	0.38311002	24.859	16.286163	11.951004	41.91277	46.07534
363	Paycom	PAYC	0.25885	0.17311001	0.88024	0.304	0.22309	0.106	0.04125	12.27	0.23549	95.273	32.80923	25.712587	77.15848	170.12048
364	PayPal	PYPL	0.21124001	0.20086001	0.47824	0.132	0.17388001	0.07	0.038110003	43.902	0.24299999	42.775	11.542271	9.139073	32.56218	43.559708
365	Penn National Gaming	PENN	0.19823	0.00805	0.51283	0.142	0.103970006		0.01685	405.849	0.01507	28.464	2.9424512	2.1582634	17.789654	246.8421
366	Pentair	PNR	0.19471	0.13949999	0.36034	0.319	0.17219	0.831	0.08643	35.169	0.22472	19.804	5.3731065	3.465494	20.617733	28.644993
367	People's United Financial	PBCT	0.0	0.15621	0.0	0.277	0.47354	0.886	0.00504		0.040560003		0.9986226	3.6470017	13.181817	33.655704
368	PepsiCo	PEP	0.18371001	0.11005	0.54295	0.205	0.15678	0.441	0.08035	274.698	0.59039	18.24	16.797127	3.1402493	25.801613	31.38034
369	PerkinElmer	PKI	0.38452	0.24353	0.58486	0.513	0.32844	0.779	0.12962	59.968	0.32813	12.2	5.4279833	4.4758673	31.418962	20.269238
370	Pfizer	PFE	0.39382	0.28684	0.65414	1.344	0.32139	4.468	0.07777	52.496	0.27747	12.451	4.755441	4.709481	16.859827	29.551672
371	Philip Morris International	PM	0.45941	0.29509002	0.68023	0.142	0.42632	0.115	0.20068			13.386		4.825109	13.852843	16.806482
372	Phillips 66	PSX	-0.009459999	-0.02093	0.07521	1.472	-0.02711		-0.02463	80.531	-0.06766	-60.805	1.765034	0.39158937	10.626436	
373	Pinnacle West Capital	PNW	0.42937002	0.15358	0.45582	0.052	0.23898001	0.186	0.02792	122.525	0.10097	10.516	1.3728175	2.1541305	13.513673	14.068727
374	Pioneer Natural Resources	PXD	0.23501	0.02391	0.44592997	2.741	0.062989995		0.016139999	32.189	0.01559	17.368	2.1668618	3.9492016	11.193091	
375	PNC Financial Services	PNC	0.0	0.24218	0.0	0.277	0.37262002	-0.027	0.011569999		0.107200004		1.67459	4.434978	14.560573	10.367244
376	Pool Corporation	POOL	0.15825	0.118090004	0.30079	0.239	0.15254	0.555	0.25125	60.183	0.76482004	27.905	33.525253	4.327727	41.93979	51.69579
377	PPG Industries	PPG	0.16299	0.09712	0.42654	0.446	0.12964	3.175	0.06271	126.142	0.27209	16.252	6.803232	2.5331333	18.783632	33.416435
378	PPL	PPL	0.57464004	-0.16254999	0.56983	0.02	0.39154997	-0.945	0.04519	89.48	0.05565	6.259	1.9602424	2.945138	17.11337	
379	Principal Financial Group	PFG	0.16768	0.1228	0.49447	0.034	0.14826	0.553	0.00447	26.941	0.1074	8.486	1.264018	1.3947331	10.416909	12.153061
380	Procter & Gamble	PG	0.27545	0.18332	0.50482	0.053	0.23948	-0.014	0.09639	70.132	0.29837	19.332	8.579996	5.085747	26.931095	29.461298
381	Progressive Corporation	PGR	0.16311	0.12005	0.16171	0.085	0.15588	-0.559	0.06889	28.901	0.31037	7.703	3.4195964	1.2982726	17.38422	9.215312
382	Prologis	PLD	0.68443	0.32419997	0.74938005	-0.073	0.34853	0.481	0.01868	47.67	0.04617	36.55	3.723456	24.845587	75.135506	88.58952
383	Prudential Financial	PRU	0.1269	0.104049996	0.31916	0.399	0.12554	0.053	0.006	54.603	0.117019996	5.047	0.73608834	0.6055734	8.334616	16.101946
384	PTC	PTC	0.26738	0.26391	0.79464996	0.229	0.22022	4.486	0.06297	80.858	0.27435	31.201	8.517168	7.7791944	31.329428	63.958
385	Public Service Enterprise Group	PEG	0.33844003	-0.073	0.28419	-0.197	0.17766		0.02034	141.986	-0.04427	16.311	2.0325408	3.59046	18.417143	17.143618
386	Public Storage	PSA	0.70682	0.50629	0.73859	0.228	0.51163	0.787	0.0798	63.882	0.19327	28.741	13.138652	19.008673	44.741337	53.884335
387	PulteGroup	PHM	0.17784001	0.13582	0.26268	0.295	0.17212	0.479	0.11427	35.91	0.25948	6.022	2.1644056	1.1794857	6.2582664	9.848376
388	PVH	PVH	0.097559996	0.0077	0.55161	0.547	0.05752		0.02263	100.492	0.01271	15.155	1.4682388	0.9035261	11.831354	116.92489
389	Qorvo	QRVO	0.36154	0.21260001	0.48498002	0.41	0.26385	2.024	0.10108	37.578	0.20497	13.483	3.724532	3.9756522	12.404048	24.238924
390	Quanta Services	PWR	0.08498	0.04457	0.15271	-0.022	0.05688	1.385	0.04719	36.941	0.12275	14.922	3.5988398	1.4120744	22.718311	32.84177
391	Qualcomm	QCOM	0.36315	0.28257	0.59814	0.647	0.31723	1.392	0.18169	193.421	1.60324	13.427	27.73245	6.3148265	21.20565	26.116083
392	Quest Diagnostics	DGX	0.28372	0.19771999	0.40802	-0.004	0.24751	-0.029	0.12331	71.418	0.34916002	7.017	3.2391386	1.835486	20.89975	12.654021
393	Ralph Lauren Corporation	RL	0.15986	0.03238	0.66183	1.823	0.11428001		0.04812	129.985	0.06497	10.833	3.1496108	1.5569849	15.143243	
394	Raymond James Financial	RJF	0.0	0.14297	0.94303	0.305	0.19658001	1.036	0.02566	46.369	0.18128		1.7941213	1.3907043	10.678494	13.264324
395	Raytheon Technologies	RTX	0.17265	0.051960003	0.18392	0.099	0.10105	4.298	0.02508	44.935	0.05017	13.702		2.0195942		
396	Realty Income Corporation	O	0.90629995	0.20885	0.9348	0.12	0.48055	0.065	0.025290001	78.719	0.03257	22.528	2.2367396	14.918061	41.362274	71.5062
397	Regency Centers	REG	0.59498	0.20799999	0.70559	0.229	0.32618	4.091	0.02023	64.124	0.037750002	23.71	2.0577054	11.27304	48.353333	82.70239
398	Regeneron Pharmaceuticals	REGN	0.55898	0.52376	0.64998	0.505	0.53851	0.939	0.22614	15.637	0.51093	8.664	5.3921847	4.970064	15.548789	17.736279
399	Regions Financial Corporation	RF	0.0	0.37238	0.0	1.894	0.47349		0.0172		0.1437		1.2748237	2.9860513	10.916243	14.138723
400	Republic Services	RSG	0.30029	0.10634	0.41432	0.146	0.18972999	0.457	0.053540003	105.664	0.13223	15.223	5.009423	4.0977507	32.12441	42.630505
401	ResMed	RMD	0.32056	0.14923	0.58412	0.202	0.28744	0.139	0.12869	31.398	0.1752	35.242	13.872328	11.222701	46.95909	82.54234
402	Robert Half International	RHI	0.09864	0.07856	0.40348998	0.426	0.0876	2.249		24.012		19.948	10.093545	2.2457516	24.004406	37.73546
403	Rockwell Automation	ROK	0.19011	0.19409001	0.41411	0.151	0.16469	-0.702	0.08018	163.071	0.66535	33.107	21.71766	5.6399546	34.551826	25.058226
404	Rollins	ROL	0.22659001	0.14548	0.5199	0.153	0.18661	0.311	0.14237	33.17	0.34877998	35.623	16.353233	7.0522637	47.63768	52.174603
405	Roper Technologies	ROP	0.36213002	0.17795	0.6464	0.217	0.2594	0.293	0.04518	78.472	0.10163	26.006	4.6741385	8.404127	29.699068	50.70035
406	Ross Stores	ROST	0.14343001	0.07734	0.32836	0.79	0.12272	22.167	0.10646	144.126	0.39576998	15.45	10.727833	2.261942	20.783144	44.954937
407	Royal Caribbean Group	RCL	0.0	0.0	0.0	-0.979	-16.72208		-0.06724	236.344	-0.54748	-16.081	2.204601	92.743095	40.32741	
408	S&P Global	SPGI	0.55941004	0.3141	0.72674006	0.084	0.53376	0.006	0.21334	110.663	0.75109	25.411	111.006065	14.62157	34.13855	46.815315
409	Salesforce	CRM	0.15553	0.19875	0.74322	0.226	0.04246	3.545	0.01001	14.76	0.11517999	61.911	5.60155	10.435882	60.94217	57.74201
410	SBA Communications	SBAC	0.66194	0.13091	0.75319	0.127	0.34604	1.15	0.05203			35.906		18.148153	105.174644	302.32388
411	Schlumberger	SLB	0.18982	0.04721	0.13494	0.052	0.09613		0.0304	120.4	0.08347999	14.021	3.3017168	1.913129	18.626667	
412	Seagate Technology	STX	0.17761	0.12302	0.2731	0.197	0.14044	2.228	0.1065	825.198	1.0868499	12.434	53.1333	2.4000485	16.642645	28.305534
413	Sealed Air	SEE	0.19307	0.09556	0.31519	0.154	0.15844	0.106	0.087110005	4059.275	40.818558	11.922	58.74327	1.9380673	17.638815	20.316673
414	Sempra Energy	SRE	0.37845	0.3475	0.38776	0.076	0.23302001	0.13	0.024820002	96.79	0.09702	15.326	1.7406527	3.415009	15.219153	9.854296
415	ServiceNow	NOW	0.122770004	0.03986	0.7726	0.312	0.04336	4.167	0.01745	63.016	0.071040004	188.825	42.181263	23.15457	91.637	853.671
416	Sherwin-Williams	SHW	0.17472	0.10001001	0.44693002	0.005	0.14523	-0.263	0.08595	401.78	0.57046	28.02	29.235086	4.578175	32.21979	43.77327
417	Signature Bank	SBNY	0.0	0.46233	0.0	0.411	0.62975	0.481	0.00955		0.12943		2.753973	10.493167	20.655327	28.388319
418	Simon Property Group	SPG	0.72205	0.41025	0.81371003	0.222	0.46359003	3.338	0.04344	589.32	0.69601995	22.918	16.964886	10.424021	31.719511	43.911087
419	Skyworks Solutions	SWKS	0.39464	0.2984	0.49581	0.515	0.32667	1.623	0.1546	33.207	0.30895	14.24	5.405718	5.356929	14.220275	21.357973
420	Snap-on	SNA	0.26793	0.17614001	0.51881003	0.095	0.2483	0.088	0.1105	31.02	0.21429001	9.892	2.9253871	2.480376	14.9323845	16.84464
421	SolarEdge	SEDG	0.124689996	0.08241	0.32719	0.557	0.10358	0.16	0.04644	54.572	0.12829	74.95	13.514598	8.399612	44.905807	119.386475
422	Southern Company	SO	0.4385	0.14406	0.47085997	0.125	0.25823	-0.395	0.0287	163.175	0.095240004	12.892	2.476863	3.2294393	18.771832	20.955975
423	Southwest Airlines	LUV	-0.30752	-0.16238001	-0.11474	2.976	-0.41445		-0.06926	137.314	-0.15579	-9.068	2.7132916	2.5010343	13.459678	
424	Stanley Black & Decker	SWK	0.19833	0.10797	0.36207	0.366	0.16379	0.849	0.073070005	43.285	0.17179	10.645	2.956306	1.747012	14.943115	18.413246
425	Starbucks	SBUX	0.21423	0.1445	0.29027	0.313	0.16179001	3.44	0.09671			23.905		4.5638924	31.266666	132.57951
426	State Street Corporation	STT	0.0	0.20275	0.0	0.057	0.28243	0.113	0.00782		0.09488		1.4066452	2.7644513	11.605523	15.333822
427	Steris	STE	0.24454	0.064959995	0.42745	0.583	0.16202	-0.439	0.04519	55.679	0.048800003	27.824	5.2548933	6.189613	28.718752	51.60691
428	Stryker Corporation	SYK	0.27976	0.12821999	0.65001	0.554	0.22202		0.06917	92.142	0.15677	24.543	7.507255	6.2415767	26.019827	72.91193
429	SVB Financial	SIVB	0.0	0.32757	0.0	0.37	0.52456003	-0.263	0.0146200005		0.18591999		4.1454	6.570744	26.331516	22.272982
430	Synchrony Financial	SYF	0.0	0.40173998	0.0	1.478	0.57307	34.333	0.03519		0.25429		2.111101	3.250236	8.531424	12.972175
431	Synopsys	SNPS	0.22311	0.18481001	0.80263	0.096	0.18527001	-0.216	0.05847	13.076	0.15411	49.798	11.0295925	13.76621	49.91452	71.5979
432	Sysco	SYY	0.03293	-0.00557	0.18186001	-0.137	0.01668		0.02161	937.366	-0.14055	31.852	28.072554	0.89017737	23.075302	
433	T-Mobile US	TMUS	0.34206	0.04934	0.57543	0.129	0.13109	7.785	0.033210002	164.076	0.06	9.746	2.2877233	1.8921736	35.82738	45.477898
434	T. Rowe Price	TROW	0.49835998	0.42227	0.59523	0.363	0.47088	0.357	0.20091	1.579	0.38951	12.869	5.51451	6.2306314	15.142801	16.523863
435	Take-Two Interactive	TTWO	0.25131	0.16715	0.60618997	0.02	0.21779	-0.897	0.073699996	6.9	0.17693001	18.768	5.7981815	6.0964293	25.099134	34.764027
436	Tapestry	TPR	0.22867	0.14517	0.70893997	1.26	0.19061		0.08396	105.556	0.30139	9.465	3.8265212	2.0080998	13.012579	34.198345
437	Target	TGT	0.10804	0.06562	0.29459	0.133	0.08299	0.512	0.10204001	112.287	0.50011003	10.277	7.31497	1.0558892	18.154371	18.009111
438	TE Connectivity	TEL	0.22574	0.11813	0.31971002	0.509	0.17207001		0.07745	41.872	0.17497	15.846	5.431276	3.6532545	23.510353	49.06761
439	Teledyne Technologies	TDY	0.23225	0.10772	0.40495998	0.508	0.1901	-0.403	0.043670002	67.139	0.07366	29.543	4.7847123	5.752172	27.806934	40.33802
440	Teleflex	TFX	0.28667998	0.1571	0.54857	0.115	0.20115	0.705	0.050809998	59.451	0.12597999	21.547	4.5463734	5.5633845	22.042282	55.74168
441	Teradyne	TER	0.34584	0.27653	0.58545	0.295	0.30886	0.676	0.18349001	17.125	0.4497	14.488	11.611541	7.825987	28.109186	36.878128
442	Tesla	TSLA	0.15512	0.07403	0.23107	0.568	0.09789	4.333	0.055370003	35.65	0.15641	146.836	44.504414	21.872738	171.01286	1065.8315
443	Texas Instruments	TXN	0.49517	0.4012	0.65462995	0.414	0.45215	0.385	0.24899	56.048	0.71554	22.181	17.0356	10.334907	23.925892	28.408146
444	Textron	TXT	0.10375	0.05653	0.15531	0.291	0.072399996		0.03659	69.202	0.121429995	14.194	2.8442528	1.3662524	20.078459	40.178288
445	Thermo Fisher Scientific	TMO	0.348	0.22473	0.51331	0.341	0.28374	0.59	0.10493	50.988	0.25764	18.142	7.3073435	6.697557	33.02001	32.799026
446	TJX Companies	TJX	0.07993	0.039979998	0.35291	1.288	0.057010002		0.04836	241.703	0.27796	29.541	14.454254	2.3468797	23.35165	59.512707
447	Tractor Supply Company	TSCO	0.13664	0.0739	0.35481	0.134	0.1166	0.1	0.121079996	192.729	0.47765	15.198	14.234633	2.2132874	29.433548	31.594183
448	Trane Technologies	TT	0.16381	0.09948	0.31908	0.22	0.14565	0.931	0.06916	76.71	0.21982001	22.065		3.4971366		
449	TransDigm Group	TDG	0.42288	0.14172	0.53126	0.09	0.37015	1.501	0.058870003			24.425		7.200154	36.654045	231.71942
450	The Travelers Companies	TRV	0.17186001	0.11297	0.28294	0.174	0.14668		0.02648	25.003	0.13562	6.938	1.3767549	1.1556845	12.601791	13.989332
451	Trimble	TRMB	0.2152	0.15010999	0.58413	0.288	0.16036	1.2	0.050869998	38.509	0.1472	29.076	5.886491	6.2634063	30.892475	49.25143
452	Truist Financial	TFC	0.0	0.25295	0.0	0.21	0.39123002	0.733	0.01092		0.08165			3.5092552		
453	Twitter	TWTR	0.16168	-0.03771	0.64258003	0.371	0.074489996		0.01615	75.98	-0.02416	41.517	4.553231	7.3585186	40.970646	
454	Tyler Technologies	TYL	0.20065	0.16233999	0.49130002	0.066	0.15689	-0.241	0.04083	29.793	0.09764	77.871	10.420874	18.930944	66.84284	119.64383
455	Tyson Foods	TSN	0.11259	0.05134	0.13408	0.245	0.086169995	0.424	0.0701	62.014	0.14885001	7.688	1.9581891	0.682661	13.217929	14.716916
456	UDR	UDR	0.59336	0.04621	0.66081	0.1	0.12716		0.01018	132.426	0.01508	32.403	5.881349	13.602227	390.59998	298.9286
457	Ulta Beauty	ULTA	0.18243	0.095010005	0.42495	0.602	0.14555	31.571	0.13328	98.573	0.39855	16.714	11.046397	2.8401644	32.473118	126.237946
458	U.S. Bancorp	USB	0.0	0.32512	0.0	0.465	0.41752	2.14	0.013359999		0.13912		1.8441737	3.7231598	12.885584	14.861442
459	Under Armour (Class A)	UAA	0.11662	0.06617	0.49402002	0.91	0.08931		0.06156	92.444	0.22038999	15.635	5.2900596	1.6078202	40.173332	79.41241
460	Under Armour (Class C)	UA	0.11662	0.06617	0.49402002	0.91	0.08931		0.06156	92.444	0.22038999	13.652	4.507617	1.5689167	37.952175	67.66667
461	Union Pacific	UNP	0.52283	0.28601998	0.59168	0.297	0.41532	0.629	0.08498	212.298	0.38251	15.846	10.07284	7.9512844	22.62408	31.85583
462	United Airlines	UAL	-0.20787	-0.16193001	0.0212	2.114	-0.32487		-0.06179	760.32	-0.51713	-8.486	2.7907267	0.73177457	18.945148	
463	UnitedHealth Group	UNH	0.08474	0.05333	0.24308	0.148	0.07676	-0.355	0.06481	65.76	0.21114999	18.373	7.046472	1.7190979	23.194666	28.182285
464	United Parcel Service	UPS	0.11517999	0.06832	0.19872	0.092	0.08434	0.183	0.07768	212.383	0.73033994	18.345	25.894655	1.9747099	18.417713	35.921074
465	United Rentals	URI	0.26771	0.13038	0.39093	0.187	0.22714001	0.962	0.06849	199.125	0.24927	15.262	5.111118	2.6307817	14.026371	26.412075
466	Universal Health Services	UHS	0.16045	0.085209996	0.4048	0.084	0.117589995	-0.078	0.07089	63.802	0.17104	7.173	1.6801811	0.8823919	10.537959	10.947252
467	Valero Energy	VLO	0.01525	-0.01801	0.022249999	1.739	-0.01545	-0.873	-0.0139999995	78.486	-0.051760003	34.437	1.6712209	0.39257792	13.208711	
468	Ventas	VTR	0.38821998	0.04129	0.47796002	-0.013	0.14384		0.0138	116.905	0.0152	23.138	1.8444117	4.9838743	817.1667	
469	Verisign	VRSN	0.68578005	0.4681	0.85581	0.051	0.64946	-0.06	0.29659			31.221		21.338623	40.21916	44.85787
470	Verisk Analytics	VRSK	0.44789	0.23778	0.64252996	0.08	0.35978	0.107	0.08902001	124.735	0.27185	28.996	13.328617	12.441283	38.45578	52.586044
471	Verizon Communications	VZ	0.36988	0.15045	0.58655	0.109	0.24507	0.239	0.06335	239.657	0.29518998	8.245	3.0678253	1.6447669	10.209865	11.570583
472	Vertex Pharmaceuticals	VRTX	0.38861	0.30523002	0.48338002	0.29	0.37162998	0.296	0.13846	9.2	0.24639	14.893	6.393821	8.05464	17.847143	21.145742
473	VF Corporation	VFC	0.13114001	0.09826	0.53905	1.039	0.10553		0.05249	211.609	0.2543	23.379	8.877918	2.622628	18.8125	66.24881
474	ViacomCBS	VIAC	0.18091999	0.11999	0.39894	0.132	0.16679001	-0.195	0.053340003	90.856	0.17475	7.356		0.7157195		
475	Viatris	VTRS	0.38821	-0.111899994	0.42200002	0.526	0.13255	-0.283	0.03258	112.315	-0.11405	5.909		0.9585108		
476	Visa	V	0.69094	0.51072	0.96972	0.286	0.65758	0.703	0.120950006	57.333	0.33363998	27.789	13.487628	19.802416	30.770922	44.83981
477	Vornado Realty Trust	VNO	0.44002998	-0.02807	0.53154	0.116	0.20936	-0.293	0.01234	120.206	-0.00437	25.239	1.5371188	4.7943277	84.46938	
478	Vulcan Materials	VMC	0.26205	0.12642	0.25863	0.158	0.17966999	-0.114	0.045500003	72.241	0.10524	23.357	4.46383	5.34881	34.070957	40.216206
479	W. R. Berkley Corporation	WRB	0.17828	0.11319	0.43717	0.188	0.16303	0.728	0.03134	52.129	0.16518	9.344	2.2091029	1.5420475	17.872484	19.648302
480	Wabtec	WAB	0.1685	0.05568	0.28695	-0.052	0.11294	0.021	0.028210001	44.998	0.04163	15.667	1.682464	2.2901092	18.822916	41.406967
481	Walmart	WMT	0.07048	0.01402	0.25041	0.043	0.05165	-0.383	0.074489996	64.433	0.093109995	11.292	4.9944496	0.6833388	22.281149	32.287033
482	Walgreens Boots Alliance	WBA	0.02925	-0.00433	0.19391	0.046	0.01808	0.104	0.0178	190.299	-0.029260002	20.876	2.0739846	0.3072542	9.778957	
483	The Walt Disney Company	DIS	0.12761	0.029590001	0.33058	0.26	0.051799998		0.0107700005	57.044	0.025390001	38.971	3.2677557	4.146006	30.6453	
484	Waste Management	WM	0.2879	0.09688	0.38956	0.257	0.17728001	0.153	0.06576	180.092	0.22461	16.456	9.225045	4.148783	29.784203	44.350792
485	Waters Corporation	WAT	0.35161	0.25398	0.58843	0.11	0.30329	0.281	0.17899	579.618	5.4795203	22.915	96.912155	8.160411	32.927208	36.64506
486	WEC Energy Group	WEC	0.35674	0.16246	0.37617	0.082	0.22823	0.145	0.03115	132.517	0.12001	15.086	2.7727485	3.754319	22.061771	23.846056
487	Wells Fargo	WFC	0.0	0.24059	0.0	0.09	0.30027	0.671	0.0103400005		0.1075		1.2022774	2.5665255	13.574959	33.284756
488	Welltower	WELL	0.37923	0.09686	0.40261	0.196	0.15732001	-0.461	0.0135699995	78.371	0.02614	30.767	2.1794398	7.5595965	85.020615	47.07192
489	West Pharmaceutical Services	WST	0.29023	0.20583001	0.39354	0.373	0.24472	1.041	0.14488	15.714	0.28535998	45.84	18.530848	13.440448	58.95379	82.48025
490	Western Digital	WDC	0.12646	0.021300001	0.24489	-0.009	0.044320002	10.081	0.017719999	93.135	0.03616	13.471	1.878018	1.148752	6.8452916	53.420822
491	WestRock	WRK	0.15132	-0.04063	0.17899	-0.002	0.06985	-0.263	0.025559999	87.586	-0.0627	8.868	1.0347359	0.6470119	9.285194	
492	Weyerhaeuser	WY	0.40415	0.23252001	0.41006002	0.928	0.35631	13.212	0.12836	50.702	0.24555999	7.404	3.0887783	2.9349275	21.988571	21.654474
493	Whirlpool Corporation	WHR	0.14353	0.09059	0.2149	0.037	0.11931	0.213	0.08039	118.62	0.4284	5.525	3.3741195	0.6446067	9.763385	10.548609
494	Williams Companies	WMB	0.49808997	0.12948	0.55224	0.282	0.30045	0.001	0.03687	162.874	0.08247	13.331	2.6934445	3.5249827	21.043903	27.303799
495	Willis Towers Watson	WLTW	0.25285	0.15027	0.43730998	0.05	0.18921	1.406	0.02935	52.765	0.1314	14.14	2.6453278	3.2176878	17.344461	21.609232
496	Wynn Resorts	WYNN	0.0435	-0.51738	0.56235003	10.554	-0.21591999		-0.026919998			154.101	43.450176	3.7016218	59.802704	
497	Xcel Energy	XEL	0.33832002	0.12056	0.39736998	0.09	0.16847	-0.009	0.02466	163.635	0.10847	13.436	2.4386897	2.7534392	21.01735	22.982063
498	Xilinx	XLNX	0.29635	0.23004	0.68967	0.209	0.23882	1.184	0.08719	49.498	0.27909002	37.661	18.731375	16.394125	57.441254	83.96947
499	Xylem	XYL	0.16702	0.08808	0.38397998	0.037	0.119729996	2.15	0.04729	81.399	0.15459	27.2	7.2136426	4.0403895	35.88567	70.48204
500	Yum! Brands	YUM	0.36821	0.21213	0.48734	0.337	0.34098	0.925	0.22173001			20.833		6.42392	28.80851	36.21289
501	Zebra Technologies	ZBRA	0.21635	0.15454	0.47129002	0.269	0.18361	0.708	0.112959996	40.483	0.35601002	27.719	12.883246	5.680735	31.54785	48.653122
502	Zimmer Biomet	ZBH	0.30462998	0.11614	0.70658994	0.653	0.17037001		0.03509	62.516	0.07596	15.586	2.1093657	3.3289094	14.363169	46.20873
503	Zions Bancorp	ZION	0.0	0.3548	0.0	0.725	0.46765	5.118	0.01387		0.14544		1.3891853	3.1995072	14.396313	12.701768
504	Zoetis	ZTS	0.41175997	0.26024	0.7001	0.114	0.36003	0.16	0.12495	144.328	0.47756	33.7	28.28261	15.178393	48.024654	65.62938
